{
 "cells": [
  {
   "cell_type": "code",
   "execution_count": 134,
   "metadata": {},
   "outputs": [],
   "source": [
    "import pandas as pd\n",
    "import seaborn as sns\n",
    "import plotly.express as px\n",
    "import plotly.graph_objects as go\n",
    "\n",
    "import dash\n",
    "import plotly.graph_objects as go\n",
    "from jupyter_dash import JupyterDash\n",
    "from dash import dcc, html\n",
    "import dash_daq as daq"
   ]
  },
  {
   "cell_type": "code",
   "execution_count": 82,
   "metadata": {},
   "outputs": [
    {
     "name": "stdout",
     "output_type": "stream",
     "text": [
      "Date              object\n",
      "Location          object\n",
      "MinTemp          float64\n",
      "MaxTemp          float64\n",
      "Rainfall         float64\n",
      "Evaporation      float64\n",
      "Sunshine         float64\n",
      "WindGustDir       object\n",
      "WindGustSpeed    float64\n",
      "WindDir9am        object\n",
      "WindDir3pm        object\n",
      "WindSpeed9am     float64\n",
      "WindSpeed3pm     float64\n",
      "Humidity9am      float64\n",
      "Humidity3pm      float64\n",
      "Pressure9am      float64\n",
      "Pressure3pm      float64\n",
      "Cloud9am         float64\n",
      "Cloud3pm         float64\n",
      "Temp9am          float64\n",
      "Temp3pm          float64\n",
      "RainToday         object\n",
      "RainTomorrow      object\n",
      "dtype: object\n"
     ]
    }
   ],
   "source": [
    "df = pd.read_csv('../data/weatherAUS.csv')\n",
    "climate = pd.read_csv('../data/Location_Climate_unique.csv').set_index('Location')['Climate'].to_dict()\n",
    "\n",
    "# print(df.isna().sum() / len(df))\n",
    "# print(df.dtypes)\n",
    "# climate\n",
    "\n",
    "print(df.dtypes)"
   ]
  },
  {
   "cell_type": "code",
   "execution_count": 83,
   "metadata": {},
   "outputs": [],
   "source": [
    "df_all = df.copy()"
   ]
  },
  {
   "cell_type": "code",
   "execution_count": 84,
   "metadata": {},
   "outputs": [
    {
     "data": {
      "application/vnd.plotly.v1+json": {
       "config": {
        "plotlyServerURL": "https://plot.ly"
       },
       "data": [
        {
         "coloraxis": "coloraxis",
         "hovertemplate": "x: %{x}<br>y: %{y}<br>color: %{z}<extra></extra>",
         "name": "0",
         "texttemplate": "%{z}",
         "type": "heatmap",
         "x": [
          "MinTemp",
          "MaxTemp",
          "Rainfall",
          "Evaporation",
          "Sunshine",
          "WindGustSpeed",
          "WindSpeed9am",
          "WindSpeed3pm",
          "Humidity9am",
          "Humidity3pm",
          "Pressure9am",
          "Pressure3pm",
          "Cloud9am",
          "Cloud3pm",
          "Temp9am",
          "Temp3pm"
         ],
         "xaxis": "x",
         "y": [
          "MinTemp",
          "MaxTemp",
          "Rainfall",
          "Evaporation",
          "Sunshine",
          "WindGustSpeed",
          "WindSpeed9am",
          "WindSpeed3pm",
          "Humidity9am",
          "Humidity3pm",
          "Pressure9am",
          "Pressure3pm",
          "Cloud9am",
          "Cloud3pm",
          "Temp9am",
          "Temp3pm"
         ],
         "yaxis": "y",
         "z": [
          [
           1,
           0.736554879947358,
           0.10393795340859532,
           0.4669925569214256,
           0.07258586808397571,
           0.1774145260976753,
           0.17506364073869057,
           0.17517263108767825,
           -0.23289924559073164,
           0.006088664224423575,
           -0.4509699734544065,
           -0.46129172586164047,
           0.0787538283427066,
           0.021604685038888648,
           0.9018205621778996,
           0.7089055392798455
          ],
          [
           0.736554879947358,
           1,
           -0.07499209497993575,
           0.5879322271019112,
           0.4701557064131683,
           0.06761477569098283,
           0.01444964588964599,
           0.050300397194580494,
           -0.5041098050273038,
           -0.5088554199984232,
           -0.33206130275331036,
           -0.4271668835749745,
           -0.2893701949239778,
           -0.27792100295511346,
           0.8872096927504229,
           0.9845028310904481
          ],
          [
           0.10393795340859532,
           -0.07499209497993575,
           1,
           -0.06435117292604013,
           -0.22754857553745375,
           0.13365939753988504,
           0.08733769468151066,
           0.05788711972355656,
           0.22440497587716363,
           0.2557546575244556,
           -0.16815364149847833,
           -0.1265338436909568,
           0.19852828605297007,
           0.17240289926478258,
           0.011191601489034678,
           -0.0796570726164772
          ],
          [
           0.4669925569214256,
           0.5879322271019112,
           -0.06435117292604013,
           1,
           0.36560215022270703,
           0.20302143800515285,
           0.19308448307770443,
           0.12940001633420806,
           -0.5040922527968444,
           -0.39024259071039363,
           -0.2703621404798875,
           -0.2935805340204502,
           -0.18379325900830737,
           -0.18261841213978056,
           0.5451152126470746,
           0.5728932109454876
          ],
          [
           0.07258586808397571,
           0.4701557064131683,
           -0.22754857553745375,
           0.36560215022270703,
           1,
           -0.03475045685199232,
           0.005498574825312206,
           0.053834024723800285,
           -0.49081885139829456,
           -0.6291303599834128,
           0.041969831552005885,
           -0.019719031024735247,
           -0.6753233097055099,
           -0.7039296337088615,
           0.29118794175836554,
           0.4905006212075918
          ],
          [
           0.1774145260976753,
           0.06761477569098283,
           0.13365939753988504,
           0.20302143800515285,
           -0.03475045685199232,
           1,
           0.6053032893809175,
           0.686306743470663,
           -0.21506968756795294,
           -0.026327121063789812,
           -0.45874421802344273,
           -0.41374904863463996,
           0.0717355819801594,
           0.1091675240686803,
           0.15015009761950066,
           0.03274777925600875
          ],
          [
           0.17506364073869057,
           0.01444964588964599,
           0.08733769468151066,
           0.19308448307770443,
           0.005498574825312206,
           0.6053032893809175,
           1,
           0.519546834492561,
           -0.2708583880345406,
           -0.0316138259484374,
           -0.22874305315934174,
           -0.17581712628835547,
           0.02511225384648038,
           0.054638619717694493,
           0.12854466322246128,
           0.004568833457939502
          ],
          [
           0.17517263108767825,
           0.050300397194580494,
           0.05788711972355656,
           0.12940001633420806,
           0.053834024723800285,
           0.686306743470663,
           0.519546834492561,
           1,
           -0.145525126140691,
           0.016432471350722434,
           -0.2963511676629694,
           -0.25543861805056034,
           0.05333665419063742,
           0.025395671222374603,
           0.16302996588669325,
           0.027777592344805757
          ],
          [
           -0.23289924559073164,
           -0.5041098050273038,
           0.22440497587716363,
           -0.5040922527968444,
           -0.49081885139829456,
           -0.21506968756795294,
           -0.2708583880345406,
           -0.145525126140691,
           1,
           0.6669485686855433,
           0.13944214914517747,
           0.18685839923670616,
           0.45229699069983464,
           0.3573261614347828,
           -0.47135393998323405,
           -0.49839946252911915
          ],
          [
           0.006088664224423575,
           -0.5088554199984232,
           0.2557546575244556,
           -0.39024259071039363,
           -0.6291303599834128,
           -0.026327121063789812,
           -0.0316138259484374,
           0.016432471350722434,
           0.6669485686855433,
           1,
           -0.02754442712799566,
           0.05199662593498018,
           0.517119947699489,
           0.5231199766631821,
           -0.22101938347112143,
           -0.5578410027715796
          ],
          [
           -0.4509699734544065,
           -0.33206130275331036,
           -0.16815364149847833,
           -0.2703621404798875,
           0.041969831552005885,
           -0.45874421802344273,
           -0.22874305315934174,
           -0.2963511676629694,
           0.13944214914517747,
           -0.02754442712799566,
           1,
           0.961325721117448,
           -0.12979647803334157,
           -0.1478608219698691,
           -0.4225556605462815,
           -0.2867700414222888
          ],
          [
           -0.46129172586164047,
           -0.4271668835749745,
           -0.1265338436909568,
           -0.2935805340204502,
           -0.019719031024735247,
           -0.41374904863463996,
           -0.17581712628835547,
           -0.25543861805056034,
           0.18685839923670616,
           0.05199662593498018,
           0.961325721117448,
           1,
           -0.06077150995691364,
           -0.08477834323465137,
           -0.4701868443814808,
           -0.38954834973721725
          ],
          [
           0.0787538283427066,
           -0.2893701949239778,
           0.19852828605297007,
           -0.18379325900830737,
           -0.6753233097055099,
           0.0717355819801594,
           0.02511225384648038,
           0.05333665419063742,
           0.45229699069983464,
           0.517119947699489,
           -0.12979647803334157,
           -0.06077150995691364,
           1,
           0.6035637678576092,
           -0.13695868734311356,
           -0.3020600252203267
          ],
          [
           0.021604685038888648,
           -0.27792100295511346,
           0.17240289926478258,
           -0.18261841213978056,
           -0.7039296337088615,
           0.1091675240686803,
           0.054638619717694493,
           0.025395671222374603,
           0.3573261614347828,
           0.5231199766631821,
           -0.1478608219698691,
           -0.08477834323465137,
           0.6035637678576092,
           1,
           -0.12665882260768616,
           -0.31741962047769096
          ],
          [
           0.9018205621778996,
           0.8872096927504229,
           0.011191601489034678,
           0.5451152126470746,
           0.29118794175836554,
           0.15015009761950066,
           0.12854466322246128,
           0.16302996588669325,
           -0.47135393998323405,
           -0.22101938347112143,
           -0.4225556605462815,
           -0.4701868443814808,
           -0.13695868734311356,
           -0.12665882260768616,
           1,
           0.86059123734335
          ],
          [
           0.7089055392798455,
           0.9845028310904481,
           -0.0796570726164772,
           0.5728932109454876,
           0.4905006212075918,
           0.03274777925600875,
           0.004568833457939502,
           0.027777592344805757,
           -0.49839946252911915,
           -0.5578410027715796,
           -0.2867700414222888,
           -0.38954834973721725,
           -0.3020600252203267,
           -0.31741962047769096,
           0.86059123734335,
           1
          ]
         ]
        }
       ],
       "layout": {
        "coloraxis": {
         "colorscale": [
          [
           0,
           "rgb(103,0,31)"
          ],
          [
           0.1,
           "rgb(178,24,43)"
          ],
          [
           0.2,
           "rgb(214,96,77)"
          ],
          [
           0.3,
           "rgb(244,165,130)"
          ],
          [
           0.4,
           "rgb(253,219,199)"
          ],
          [
           0.5,
           "rgb(247,247,247)"
          ],
          [
           0.6,
           "rgb(209,229,240)"
          ],
          [
           0.7,
           "rgb(146,197,222)"
          ],
          [
           0.8,
           "rgb(67,147,195)"
          ],
          [
           0.9,
           "rgb(33,102,172)"
          ],
          [
           1,
           "rgb(5,48,97)"
          ]
         ]
        },
        "template": {
         "data": {
          "bar": [
           {
            "error_x": {
             "color": "#2a3f5f"
            },
            "error_y": {
             "color": "#2a3f5f"
            },
            "marker": {
             "line": {
              "color": "#E5ECF6",
              "width": 0.5
             },
             "pattern": {
              "fillmode": "overlay",
              "size": 10,
              "solidity": 0.2
             }
            },
            "type": "bar"
           }
          ],
          "barpolar": [
           {
            "marker": {
             "line": {
              "color": "#E5ECF6",
              "width": 0.5
             },
             "pattern": {
              "fillmode": "overlay",
              "size": 10,
              "solidity": 0.2
             }
            },
            "type": "barpolar"
           }
          ],
          "carpet": [
           {
            "aaxis": {
             "endlinecolor": "#2a3f5f",
             "gridcolor": "white",
             "linecolor": "white",
             "minorgridcolor": "white",
             "startlinecolor": "#2a3f5f"
            },
            "baxis": {
             "endlinecolor": "#2a3f5f",
             "gridcolor": "white",
             "linecolor": "white",
             "minorgridcolor": "white",
             "startlinecolor": "#2a3f5f"
            },
            "type": "carpet"
           }
          ],
          "choropleth": [
           {
            "colorbar": {
             "outlinewidth": 0,
             "ticks": ""
            },
            "type": "choropleth"
           }
          ],
          "contour": [
           {
            "colorbar": {
             "outlinewidth": 0,
             "ticks": ""
            },
            "colorscale": [
             [
              0,
              "#0d0887"
             ],
             [
              0.1111111111111111,
              "#46039f"
             ],
             [
              0.2222222222222222,
              "#7201a8"
             ],
             [
              0.3333333333333333,
              "#9c179e"
             ],
             [
              0.4444444444444444,
              "#bd3786"
             ],
             [
              0.5555555555555556,
              "#d8576b"
             ],
             [
              0.6666666666666666,
              "#ed7953"
             ],
             [
              0.7777777777777778,
              "#fb9f3a"
             ],
             [
              0.8888888888888888,
              "#fdca26"
             ],
             [
              1,
              "#f0f921"
             ]
            ],
            "type": "contour"
           }
          ],
          "contourcarpet": [
           {
            "colorbar": {
             "outlinewidth": 0,
             "ticks": ""
            },
            "type": "contourcarpet"
           }
          ],
          "heatmap": [
           {
            "colorbar": {
             "outlinewidth": 0,
             "ticks": ""
            },
            "colorscale": [
             [
              0,
              "#0d0887"
             ],
             [
              0.1111111111111111,
              "#46039f"
             ],
             [
              0.2222222222222222,
              "#7201a8"
             ],
             [
              0.3333333333333333,
              "#9c179e"
             ],
             [
              0.4444444444444444,
              "#bd3786"
             ],
             [
              0.5555555555555556,
              "#d8576b"
             ],
             [
              0.6666666666666666,
              "#ed7953"
             ],
             [
              0.7777777777777778,
              "#fb9f3a"
             ],
             [
              0.8888888888888888,
              "#fdca26"
             ],
             [
              1,
              "#f0f921"
             ]
            ],
            "type": "heatmap"
           }
          ],
          "heatmapgl": [
           {
            "colorbar": {
             "outlinewidth": 0,
             "ticks": ""
            },
            "colorscale": [
             [
              0,
              "#0d0887"
             ],
             [
              0.1111111111111111,
              "#46039f"
             ],
             [
              0.2222222222222222,
              "#7201a8"
             ],
             [
              0.3333333333333333,
              "#9c179e"
             ],
             [
              0.4444444444444444,
              "#bd3786"
             ],
             [
              0.5555555555555556,
              "#d8576b"
             ],
             [
              0.6666666666666666,
              "#ed7953"
             ],
             [
              0.7777777777777778,
              "#fb9f3a"
             ],
             [
              0.8888888888888888,
              "#fdca26"
             ],
             [
              1,
              "#f0f921"
             ]
            ],
            "type": "heatmapgl"
           }
          ],
          "histogram": [
           {
            "marker": {
             "pattern": {
              "fillmode": "overlay",
              "size": 10,
              "solidity": 0.2
             }
            },
            "type": "histogram"
           }
          ],
          "histogram2d": [
           {
            "colorbar": {
             "outlinewidth": 0,
             "ticks": ""
            },
            "colorscale": [
             [
              0,
              "#0d0887"
             ],
             [
              0.1111111111111111,
              "#46039f"
             ],
             [
              0.2222222222222222,
              "#7201a8"
             ],
             [
              0.3333333333333333,
              "#9c179e"
             ],
             [
              0.4444444444444444,
              "#bd3786"
             ],
             [
              0.5555555555555556,
              "#d8576b"
             ],
             [
              0.6666666666666666,
              "#ed7953"
             ],
             [
              0.7777777777777778,
              "#fb9f3a"
             ],
             [
              0.8888888888888888,
              "#fdca26"
             ],
             [
              1,
              "#f0f921"
             ]
            ],
            "type": "histogram2d"
           }
          ],
          "histogram2dcontour": [
           {
            "colorbar": {
             "outlinewidth": 0,
             "ticks": ""
            },
            "colorscale": [
             [
              0,
              "#0d0887"
             ],
             [
              0.1111111111111111,
              "#46039f"
             ],
             [
              0.2222222222222222,
              "#7201a8"
             ],
             [
              0.3333333333333333,
              "#9c179e"
             ],
             [
              0.4444444444444444,
              "#bd3786"
             ],
             [
              0.5555555555555556,
              "#d8576b"
             ],
             [
              0.6666666666666666,
              "#ed7953"
             ],
             [
              0.7777777777777778,
              "#fb9f3a"
             ],
             [
              0.8888888888888888,
              "#fdca26"
             ],
             [
              1,
              "#f0f921"
             ]
            ],
            "type": "histogram2dcontour"
           }
          ],
          "mesh3d": [
           {
            "colorbar": {
             "outlinewidth": 0,
             "ticks": ""
            },
            "type": "mesh3d"
           }
          ],
          "parcoords": [
           {
            "line": {
             "colorbar": {
              "outlinewidth": 0,
              "ticks": ""
             }
            },
            "type": "parcoords"
           }
          ],
          "pie": [
           {
            "automargin": true,
            "type": "pie"
           }
          ],
          "scatter": [
           {
            "fillpattern": {
             "fillmode": "overlay",
             "size": 10,
             "solidity": 0.2
            },
            "type": "scatter"
           }
          ],
          "scatter3d": [
           {
            "line": {
             "colorbar": {
              "outlinewidth": 0,
              "ticks": ""
             }
            },
            "marker": {
             "colorbar": {
              "outlinewidth": 0,
              "ticks": ""
             }
            },
            "type": "scatter3d"
           }
          ],
          "scattercarpet": [
           {
            "marker": {
             "colorbar": {
              "outlinewidth": 0,
              "ticks": ""
             }
            },
            "type": "scattercarpet"
           }
          ],
          "scattergeo": [
           {
            "marker": {
             "colorbar": {
              "outlinewidth": 0,
              "ticks": ""
             }
            },
            "type": "scattergeo"
           }
          ],
          "scattergl": [
           {
            "marker": {
             "colorbar": {
              "outlinewidth": 0,
              "ticks": ""
             }
            },
            "type": "scattergl"
           }
          ],
          "scattermapbox": [
           {
            "marker": {
             "colorbar": {
              "outlinewidth": 0,
              "ticks": ""
             }
            },
            "type": "scattermapbox"
           }
          ],
          "scatterpolar": [
           {
            "marker": {
             "colorbar": {
              "outlinewidth": 0,
              "ticks": ""
             }
            },
            "type": "scatterpolar"
           }
          ],
          "scatterpolargl": [
           {
            "marker": {
             "colorbar": {
              "outlinewidth": 0,
              "ticks": ""
             }
            },
            "type": "scatterpolargl"
           }
          ],
          "scatterternary": [
           {
            "marker": {
             "colorbar": {
              "outlinewidth": 0,
              "ticks": ""
             }
            },
            "type": "scatterternary"
           }
          ],
          "surface": [
           {
            "colorbar": {
             "outlinewidth": 0,
             "ticks": ""
            },
            "colorscale": [
             [
              0,
              "#0d0887"
             ],
             [
              0.1111111111111111,
              "#46039f"
             ],
             [
              0.2222222222222222,
              "#7201a8"
             ],
             [
              0.3333333333333333,
              "#9c179e"
             ],
             [
              0.4444444444444444,
              "#bd3786"
             ],
             [
              0.5555555555555556,
              "#d8576b"
             ],
             [
              0.6666666666666666,
              "#ed7953"
             ],
             [
              0.7777777777777778,
              "#fb9f3a"
             ],
             [
              0.8888888888888888,
              "#fdca26"
             ],
             [
              1,
              "#f0f921"
             ]
            ],
            "type": "surface"
           }
          ],
          "table": [
           {
            "cells": {
             "fill": {
              "color": "#EBF0F8"
             },
             "line": {
              "color": "white"
             }
            },
            "header": {
             "fill": {
              "color": "#C8D4E3"
             },
             "line": {
              "color": "white"
             }
            },
            "type": "table"
           }
          ]
         },
         "layout": {
          "annotationdefaults": {
           "arrowcolor": "#2a3f5f",
           "arrowhead": 0,
           "arrowwidth": 1
          },
          "autotypenumbers": "strict",
          "coloraxis": {
           "colorbar": {
            "outlinewidth": 0,
            "ticks": ""
           }
          },
          "colorscale": {
           "diverging": [
            [
             0,
             "#8e0152"
            ],
            [
             0.1,
             "#c51b7d"
            ],
            [
             0.2,
             "#de77ae"
            ],
            [
             0.3,
             "#f1b6da"
            ],
            [
             0.4,
             "#fde0ef"
            ],
            [
             0.5,
             "#f7f7f7"
            ],
            [
             0.6,
             "#e6f5d0"
            ],
            [
             0.7,
             "#b8e186"
            ],
            [
             0.8,
             "#7fbc41"
            ],
            [
             0.9,
             "#4d9221"
            ],
            [
             1,
             "#276419"
            ]
           ],
           "sequential": [
            [
             0,
             "#0d0887"
            ],
            [
             0.1111111111111111,
             "#46039f"
            ],
            [
             0.2222222222222222,
             "#7201a8"
            ],
            [
             0.3333333333333333,
             "#9c179e"
            ],
            [
             0.4444444444444444,
             "#bd3786"
            ],
            [
             0.5555555555555556,
             "#d8576b"
            ],
            [
             0.6666666666666666,
             "#ed7953"
            ],
            [
             0.7777777777777778,
             "#fb9f3a"
            ],
            [
             0.8888888888888888,
             "#fdca26"
            ],
            [
             1,
             "#f0f921"
            ]
           ],
           "sequentialminus": [
            [
             0,
             "#0d0887"
            ],
            [
             0.1111111111111111,
             "#46039f"
            ],
            [
             0.2222222222222222,
             "#7201a8"
            ],
            [
             0.3333333333333333,
             "#9c179e"
            ],
            [
             0.4444444444444444,
             "#bd3786"
            ],
            [
             0.5555555555555556,
             "#d8576b"
            ],
            [
             0.6666666666666666,
             "#ed7953"
            ],
            [
             0.7777777777777778,
             "#fb9f3a"
            ],
            [
             0.8888888888888888,
             "#fdca26"
            ],
            [
             1,
             "#f0f921"
            ]
           ]
          },
          "colorway": [
           "#636efa",
           "#EF553B",
           "#00cc96",
           "#ab63fa",
           "#FFA15A",
           "#19d3f3",
           "#FF6692",
           "#B6E880",
           "#FF97FF",
           "#FECB52"
          ],
          "font": {
           "color": "#2a3f5f"
          },
          "geo": {
           "bgcolor": "white",
           "lakecolor": "white",
           "landcolor": "#E5ECF6",
           "showlakes": true,
           "showland": true,
           "subunitcolor": "white"
          },
          "hoverlabel": {
           "align": "left"
          },
          "hovermode": "closest",
          "mapbox": {
           "style": "light"
          },
          "paper_bgcolor": "white",
          "plot_bgcolor": "#E5ECF6",
          "polar": {
           "angularaxis": {
            "gridcolor": "white",
            "linecolor": "white",
            "ticks": ""
           },
           "bgcolor": "#E5ECF6",
           "radialaxis": {
            "gridcolor": "white",
            "linecolor": "white",
            "ticks": ""
           }
          },
          "scene": {
           "xaxis": {
            "backgroundcolor": "#E5ECF6",
            "gridcolor": "white",
            "gridwidth": 2,
            "linecolor": "white",
            "showbackground": true,
            "ticks": "",
            "zerolinecolor": "white"
           },
           "yaxis": {
            "backgroundcolor": "#E5ECF6",
            "gridcolor": "white",
            "gridwidth": 2,
            "linecolor": "white",
            "showbackground": true,
            "ticks": "",
            "zerolinecolor": "white"
           },
           "zaxis": {
            "backgroundcolor": "#E5ECF6",
            "gridcolor": "white",
            "gridwidth": 2,
            "linecolor": "white",
            "showbackground": true,
            "ticks": "",
            "zerolinecolor": "white"
           }
          },
          "shapedefaults": {
           "line": {
            "color": "#2a3f5f"
           }
          },
          "ternary": {
           "aaxis": {
            "gridcolor": "white",
            "linecolor": "white",
            "ticks": ""
           },
           "baxis": {
            "gridcolor": "white",
            "linecolor": "white",
            "ticks": ""
           },
           "bgcolor": "#E5ECF6",
           "caxis": {
            "gridcolor": "white",
            "linecolor": "white",
            "ticks": ""
           }
          },
          "title": {
           "x": 0.05
          },
          "xaxis": {
           "automargin": true,
           "gridcolor": "white",
           "linecolor": "white",
           "ticks": "",
           "title": {
            "standoff": 15
           },
           "zerolinecolor": "white",
           "zerolinewidth": 2
          },
          "yaxis": {
           "automargin": true,
           "gridcolor": "white",
           "linecolor": "white",
           "ticks": "",
           "title": {
            "standoff": 15
           },
           "zerolinecolor": "white",
           "zerolinewidth": 2
          }
         }
        },
        "title": {
         "text": "Heatmap Basique"
        },
        "xaxis": {
         "anchor": "y",
         "domain": [
          0,
          1
         ]
        },
        "yaxis": {
         "anchor": "x",
         "autorange": "reversed",
         "domain": [
          0,
          1
         ]
        }
       }
      },
      "text/html": [
